start=314.355698
volume-restore-data=pulse:23.000000:23.000000:0:200.000000
fullscreen=yes
aid=1
sid=1
