start=1454.035870
speed=1.000100
volume-restore-data=pulse:20.000000:20.000000:0:200.000000
fullscreen=yes
sid=1
