start=3089.086000
volume-restore-data=pulse:39.000000:39.000000:0:200.000000
panscan=0.100000
sid=no
sub-pos=99
