start=143.243100
speed=0.909100
volume-restore-data=pulse:18.000000:18.000000:0:200.000000
