start=1369.501439
volume-restore-data=pulse:24.000000:24.000000:0:200.000000
fullscreen=yes
panscan=0.100000
aid=2
sid=2
