start=10.510511
volume-restore-data=pulse:35.000000:35.000000:0:200.000000
fullscreen=yes
aid=2
sid=1
