start=1477.843033
volume-restore-data=pulse:21.000000:21.000000:0:200.000000
gamma=-2
brightness=20
