start=916.416000
speed=1.000030
pause=yes
volume-restore-data=pulse:23.000000:23.000000:0:200.000000
fullscreen=yes
brightness=0
contrast=0
sub-pos=99
