start=829.161640
volume-restore-data=pulse:30.000000:30.000000:0:200.000000
fullscreen=yes
aid=2
sid=2
