start=2.168836
volume-restore-data=pulse:26.000000:26.000000:0:200.000000
fullscreen=yes
aid=2
sid=2
